./aligned_img\202200000\0066bff93ac47f6ba9227296490e9fe9.png 302 716 805 1354
./aligned_img\202200000\171ca22b86527da66558f424eb761b75.png 306 532 841 1226
./aligned_img\202200000\2f4f010432f747992ac1205cbd519df6.png 254 378 846 1118
./aligned_img\202200000\38fd606fa63cb97ec9957f59cc595030.png 248 710 847 1494
./aligned_img\202200000\44aaeb527ac6ad0e781f0e6c02db3053.png 328 815 863 1541
./aligned_img\202200000\4707528e46a46cab955b86041a20f8dd.png 246 673 873 1487
./aligned_img\202200000\78966ad6a842f8f6fb16c28ae107ba6f.png 77 749 629 1429
./aligned_img\202200000\7a2ef5e0ae5d3f617844ba57a1b490c9.png 290 586 801 1204
./aligned_img\202200000\809d0163cf04497251d8628f5705bd99.png 298 903 816 1466
./aligned_img\202200000\9921e87f7a5ce7b15f21740db8d99468.png 263 546 822 1252
./aligned_img\202200000\99fe69c1190bc1bd433aa16ae990df9a.png 246 678 979 1623
./aligned_img\202200000\a4dba4a96d7c79ac25d792484c50d5e8.png 269 729 845 1492
./aligned_img\202200000\b28c1f0b9f96c6f699b53904debfa0c9.png 195 650 914 1600
./aligned_img\202200000\d44379cf15698e5901df7cf76e856774.png 108 634 896 1640
./aligned_img\ON\abc.png 625 138 846 436
