./aligned_img\202200009\29e3407d8651f09bee3562ca977964f9.png 17 58 157 254
./aligned_img\202200009\3d35cecc55885219b7e50efed83a55ee.png 77 115 458 591
./aligned_img\202200009\3e0e2d49395a8d53c7333b01c21d9e34.png 31 71 289 434
./aligned_img\202200009\4e401f341dee5c9f8205e4d140b81b68.png 168 237 597 797
./aligned_img\202200009\553ace4d82e89ea65acf68257d73feac.png 41 94 300 447
./aligned_img\202200009\8ccea2bbbb145d6ebc473941909afecf.png 56 124 284 444
./aligned_img\202200009\90d65afcb06c99c01f7415c68b15e1a5.png 49 99 279 400
./aligned_img\202200009\be6715d9af1e8dbbb05c4f449279105c.png 75 93 287 385
./aligned_img\202200009\bfcc5e067a6fd7cc0987488b8f26e202.png 50 64 279 379
./aligned_img\202200009\cb0a0dffe9e3704b22978f23bba0780c.png 421 175 758 644
./aligned_img\202200009\e49f83803dd95f27d2694dd97a7551cf.png 55 60 220 302
