./aligned_img\202200007\0c068dbd79de61578ef7c6d5899d3bdd.png 55 62 243 330
./aligned_img\202200007\35a29edd01ab4077bea1ce52fe8996bc.png 73 102 380 507
./aligned_img\202200007\603c91dedcd46f32f98f805c7a7a5b56.png 77 90 307 398
./aligned_img\202200007\772037414b1c0578f3ef3c83b41da973.png 61 107 523 710
./aligned_img\202200007\7c3ed8cbc2c1d5138dfebda09beecdb3.png 87 83 296 361
./aligned_img\202200007\8ef0f1950e7b0f069b914e0f78408338.png 103 83 364 425
./aligned_img\202200007\9529501562130d53b7a946f170b475de.png 225 137 807 931
./aligned_img\202200007\9d5faf027426106d982d31b0cc21962d.png 53 35 211 247
./aligned_img\202200007\cd96e04a2195b47f54b41916c0a39245.png 51 41 239 328
./aligned_img\202200007\f11f820f27187f358d942423f5819dcd.png 82 49 240 268
./aligned_img\202200007\f96bc49f9ffbe6b586c9edf2b9285e96.png 11 26 145 207
