./aligned_img\202200008\2451c4d3baa0b66c380d3d690b2bb946.png 70 86 330 409
./aligned_img\202200008\5e7fe7b76fa6e805a801983580c632f9.png 355 87 765 620
./aligned_img\202200008\7ca5cb64dbc35f866e45185cf7a7a787.png 103 123 351 442
./aligned_img\202200008\89ef16e68a1e4bf852d6581e7639a31c.png 97 123 429 561
./aligned_img\202200008\8a82d376ae289a4b7bd82ccbf170adb8.png 235 173 858 974
./aligned_img\202200008\9857435d5b00768b46cde8f392899d5d.png 533 155 1011 806
./aligned_img\202200008\ac6329f421516f9ecbde892d777aa2fe.png 512 85 1081 782
./aligned_img\202200008\b19b6305e7e5a87c50520891668a0ae7.png 184 45 289 188
./aligned_img\202200008\bf2ae489c41ddf7a04f18ba8e2d65c31.png 221 153 583 615
./aligned_img\202200008\c92827f08c9d5e2fd90b77f21429e3de.png 96 27 191 153
./aligned_img\202200008\c98c7dbb78852db8e324b0bdd76321bc.png 105 53 223 206
